{
    "frame0": {
        "cam01": "[0.016867 0.999317 -0.0328768 0] [-0.999858 0.0168761 0 0] [0.000554833 0.0328722 0.999459 0] [3997.43 1707.62 429.909 1] ",
        "cam02": "[0.016867 0.999317 -0.0328768 0] [-0.999858 0.0168761 0 0] [0.000554833 0.0328722 0.999459 0] [3997.43 1707.62 429.909 1] ",
        "cam03": "[0.016867 0.999317 -0.0328769 0] [-0.999858 0.0168761 -3.95532e-10 0] [0.000554833 0.0328722 0.999459 0] [3997.43 1707.62 429.909 1] ",
        "cam04": "[0.016867 0.999317 -0.0328769 0] [-0.999858 0.0168761 -3.95532e-10 0] [0.000554833 0.0328722 0.999459 0] [3997.43 1707.62 429.909 1] ",
        "cam05": "[0.016867 0.999317 -0.0328769 0] [-0.999858 0.0168761 -3.95532e-10 0] [0.000554833 0.0328722 0.999459 0] [3997.43 1707.62 429.909 1] ",
        "cam06": "[0.016867 0.999317 -0.0328769 0] [-0.999858 0.0168761 -3.95532e-10 0] [0.000554833 0.0328722 0.999459 0] [3997.43 1707.62 429.909 1] ",
        "cam07": "[0.016867 0.999317 -0.0328769 0] [-0.999858 0.0168761 -3.95532e-10 0] [0.000554833 0.0328722 0.999459 0] [3997.43 1707.62 429.909 1] ",
        "cam08": "[0.016867 0.999317 -0.0328768 0] [-0.999858 0.0168761 0 0] [0.000554833 0.0328722 0.999459 0] [3997.43 1707.62 429.909 1] ",
        "cam09": "[0.016867 0.999317 -0.0328769 0] [-0.999858 0.0168761 -3.95532e-10 0] [0.000554833 0.0328722 0.999459 0] [3997.43 1707.62 429.909 1] ",
        "cam10": "[0.016867 0.999317 -0.0328769 0] [-0.999858 0.0168761 -3.95532e-10 0] [0.000554833 0.0328722 0.999459 0] [3997.43 1707.62 429.909 1] "
    },
    "frame1": {
        "cam01": "[0.0249897 0.999147 -0.0328768 0] [-0.999687 0.0250032 -3.46945e-18 0] [0.000822026 0.0328666 0.999459 0] [3997.43 1707.62 429.909 1] ",
        "cam02": "[0.0168645 0.999172 -0.0370165 0] [-0.999858 0.0168761 0 0] [0.000624695 0.0370113 0.999315 0] [3997.43 1707.62 429.909 1] ",
        "cam03": "[0.0168672 0.999331 -0.0324541 0] [-0.999858 0.0168761 -3.90452e-10 0] [0.000547699 0.0324495 0.999473 0] [3997.43 1707.62 429.845 1] ",
        "cam04": "[0.0168989 0.999314 -0.032939 0] [-0.999857 0.0169081 -3.96271e-10 0] [0.000556935 0.0329343 0.999457 0] [3997.43 1707.91 429.909 1] ",
        "cam05": "[-0.0105063 0.999375 -0.033756 0] [-0.999945 -0.0105123 -4.13256e-10 0] [-0.000354854 0.0337542 0.99943 0] [4001.6 1707.61 430.043 1] ",
        "cam06": "[0.0168619 0.999317 -0.032867 0] [-0.999858 0.016871 -3.95415e-10 0] [0.000554499 0.0328623 0.99946 0] [3997.43 1707.57 429.909 1] ",
        "cam07": "[0.0216878 0.999229 -0.0327307 0] [-0.999765 0.0216995 -3.92553e-10 0] [0.000710237 0.0327229 0.999464 0] [3996.69 1707.63 429.887 1] ",
        "cam08": "[0.016867 0.999317 -0.0328768 0] [-0.999858 0.0168761 0 0] [0.000554833 0.0328722 0.999459 0] [3997.36 1707.66 429.885 1] ",
        "cam09": "[0.0168684 0.999305 -0.0332308 0] [-0.999858 0.0168777 -3.99786e-10 0] [0.000560859 0.0332261 0.999448 0] [3997.43 1707.63 429.963 1] ",
        "cam10": "[0.016867 0.999317 -0.0328769 0] [-0.999858 0.0168761 -3.95532e-10 0] [0.000554833 0.0328722 0.999459 0] [3997.43 1707.62 429.909 1] "
    },
    "frame2": {
        "cam01": "[0.0331107 0.998911 -0.0328768 0] [-0.999451 0.0331286 6.93889e-18 0] [0.00108916 0.0328588 0.999459 0] [3997.43 1707.62 429.909 1] ",
        "cam02": "[0.0168618 0.99901 -0.0411556 0] [-0.999858 0.0168761 -6.93889e-18 0] [0.000694547 0.0411498 0.999153 0] [3997.43 1707.62 429.909 1] ",
        "cam03": "[0.0168675 0.999345 -0.0320081 0] [-0.999858 0.0168761 -3.85091e-10 0] [0.000540171 0.0320035 0.999488 0] [3997.43 1707.62 429.777 1] ",
        "cam04": "[0.0169318 0.999312 -0.0330033 0] [-0.999856 0.0169411 -3.97035e-10 0] [0.00055911 0.0329985 0.999455 0] [3997.43 1708.2 429.909 1] ",
        "cam05": "[-0.0371753 0.998708 -0.0346352 0] [-0.999308 -0.0371977 -4.31164e-10 0] [-0.00128835 0.0346113 0.9994 0] [4005.67 1707.71 430.177 1] ",
        "cam06": "[0.0168566 0.999318 -0.0328566 0] [-0.999858 0.0168657 -3.95291e-10 0] [0.000554149 0.0328519 0.99946 0] [3997.43 1707.53 429.909 1] ",
        "cam07": "[0.0265082 0.999117 -0.0325845 0] [-0.999648 0.0265223 -3.89584e-10 0] [0.000864214 0.032573 0.999469 0] [3995.96 1707.65 429.865 1] ",
        "cam08": "[0.016867 0.999317 -0.0328768 0] [-0.999858 0.0168761 0 0] [0.000554833 0.0328722 0.999459 0] [3997.17 1707.8 429.815 1] ",
        "cam09": "[0.0168725 0.99927 -0.0342812 0] [-0.999857 0.0168824 -4.12406e-10 0] [0.000578749 0.0342763 0.999412 0] [3997.43 1707.68 430.122 1] ",
        "cam10": "[0.016867 0.999317 -0.0328769 0] [-0.999858 0.0168761 -3.95532e-10 0] [0.000554833 0.0328722 0.999459 0] [3997.43 1707.62 429.909 1] "
    },
    "frame3": {
        "cam01": "[0.0412295 0.998609 -0.0328768 0] [-0.999149 0.0412518 -3.46945e-18 0] [0.00135623 0.0328488 0.999459 0] [3997.43 1707.62 429.909 1] ",
        "cam02": "[0.0168588 0.998831 -0.045294 0] [-0.999858 0.0168761 -3.46945e-18 0] [0.000764386 0.0452875 0.998974 0] [3997.43 1707.62 429.909 1] ",
        "cam03": "[0.0168677 0.99936 -0.0315373 0] [-0.999858 0.0168761 -3.79433e-10 0] [0.000532227 0.0315328 0.999503 0] [3997.43 1707.62 429.705 1] ",
        "cam04": "[0.0169659 0.999309 -0.0330696 0] [-0.999856 0.0169752 -3.97823e-10 0] [0.000561361 0.0330648 0.999453 0] [3997.43 1708.51 429.909 1] ",
        "cam05": "[-0.06314 0.997373 -0.0355144 0] [-0.998002 -0.0631799 -4.49248e-10 0] [-0.0022438 0.0354435 0.999369 0] [4009.63 1707.92 430.312 1] ",
        "cam06": "[0.016851 0.999318 -0.0328457 0] [-0.999858 0.0168601 -3.95162e-10 0] [0.000553781 0.032841 0.99946 0] [3997.43 1707.47 429.909 1] ",
        "cam07": "[0.031328 0.998983 -0.0324383 0] [-0.999509 0.0313445 -3.86626e-10 0] [0.00101676 0.0324223 0.999474 0] [3995.22 1707.67 429.842 1] ",
        "cam08": "[0.016867 0.999317 -0.0328768 0] [-0.999858 0.0168761 0 0] [0.000554833 0.0328722 0.999459 0] [3996.86 1708.01 429.7 1] ",
        "cam09": "[0.0168792 0.999209 -0.0360112 0] [-0.999857 0.0168902 -4.3319e-10 0] [0.000608235 0.036006 0.999351 0] [3997.43 1707.75 430.383 1] ",
        "cam10": "[0.016867 0.999317 -0.0328769 0] [-0.999858 0.0168761 -3.95532e-10 0] [0.000554833 0.0328722 0.999459 0] [3997.43 1707.62 429.909 1] "
    },
    "frame4": {
        "cam01": "[0.0493457 0.998241 -0.0328768 0] [-0.99878 0.0493723 0 0] [0.00162321 0.0328367 0.999459 0] [3997.43 1707.62 429.909 1] ",
        "cam02": "[0.0168555 0.998635 -0.0494316 0] [-0.999858 0.0168761 0 0] [0.000834213 0.0494245 0.998778 0] [3997.43 1707.62 429.909 1] ",
        "cam03": "[0.016868 0.999376 -0.0310405 0] [-0.999858 0.0168761 -3.73462e-10 0] [0.000523843 0.0310361 0.999518 0] [3997.43 1707.62 429.629 1] ",
        "cam04": "[0.017001 0.999306 -0.0331381 0] [-0.999855 0.0170104 -3.98638e-10 0] [0.000563692 0.0331333 0.999451 0] [3997.43 1708.82 429.909 1] ",
        "cam05": "[-0.0884026 0.99542 -0.0363935 0] [-0.99608 -0.0884612 -4.67497e-10 0] [-0.00321942 0.0362509 0.999338 0] [4013.48 1708.21 430.446 1] ",
        "cam06": "[0.0168451 0.999319 -0.0328343 0] [-0.999858 0.0168542 -3.95026e-10 0] [0.000553396 0.0328296 0.999461 0] [3997.43 1707.42 429.909 1] ",
        "cam07": "[0.0361472 0.998825 -0.0322921 0] [-0.999346 0.036166 -3.8368e-10 0] [0.00116787 0.0322709 0.999478 0] [3994.49 1707.69 429.82 1] ",
        "cam08": "[0.016867 0.999317 -0.0328768 0] [-0.999858 0.0168761 0 0] [0.000554833 0.0328722 0.999459 0] [3996.44 1708.3 429.543 1] ",
        "cam09": "[0.0168885 0.99912 -0.0384044 0] [-0.999857 0.0169009 -4.61935e-10 0] [0.000649071 0.038399 0.999262 0] [3997.43 1707.84 430.745 1] ",
        "cam10": "[0.016867 0.999317 -0.0328769 0] [-0.999858 0.0168761 -3.95532e-10 0] [0.000554833 0.0328722 0.999459 0] [3997.43 1707.62 429.909 1] "
    },
    "frame5": {
        "cam01": "[0.0574585 0.997806 -0.0328768 0] [-0.998346 0.0574896 0 0] [0.00189008 0.0328225 0.999459 0] [3997.43 1707.62 429.909 1] ",
        "cam02": "[0.0168519 0.998422 -0.0535683 0] [-0.999858 0.0168761 0 0] [0.000904025 0.0535607 0.998564 0] [3997.43 1707.62 429.909 1] ",
        "cam03": "[0.0168683 0.999392 -0.0305163 0] [-0.999858 0.0168761 -3.67161e-10 0] [0.000514997 0.030512 0.999534 0] [3997.43 1707.62 429.549 1] ",
        "cam04": "[0.0170374 0.999303 -0.0332089 0] [-0.999855 0.0170468 -3.99479e-10 0] [0.000566105 0.0332041 0.999448 0] [3997.43 1709.15 429.909 1] ",
        "cam05": "[-0.112967 0.992899 -0.0372726 0] [-0.99359 -0.113046 -4.85904e-10 0] [-0.00421352 0.0370337 0.999305 0] [4017.23 1708.6 430.58 1] ",
        "cam06": "[0.016839 0.999319 -0.0328223 0] [-0.999858 0.0168481 -3.94884e-10 0] [0.000552992 0.0328176 0.999461 0] [3997.43 1707.37 429.909 1] ",
        "cam07": "[0.0409655 0.998643 -0.0321459 0] [-0.99916 0.0409867 -3.80744e-10 0] [0.00131755 0.0321188 0.999483 0] [3993.75 1707.72 429.798 1] ",
        "cam08": "[0.016867 0.999317 -0.0328768 0] [-0.999858 0.0168761 0 0] [0.000554833 0.0328722 0.999459 0] [3995.91 1708.67 429.348 1] ",
        "cam09": "[0.0169001 0.998998 -0.0414452 0] [-0.999857 0.0169146 -4.98444e-10 0] [0.000701028 0.0414393 0.999141 0] [3997.43 1707.97 431.204 1] ",
        "cam10": "[0.016867 0.999317 -0.0328769 0] [-0.999858 0.0168761 -3.95532e-10 0] [0.000554833 0.0328722 0.999459 0] [3997.43 1707.62 429.909 1] "
    },
    "frame6": {
        "cam01": "[0.0655676 0.997306 -0.0328768 0] [-0.997846 0.065603 -3.46945e-18 0] [0.00215682 0.032806 0.999459 0] [3997.43 1707.62 429.909 1] ",
        "cam02": "[0.016848 0.998192 -0.0577041 0] [-0.999858 0.0168761 3.46945e-18 0] [0.000973822 0.0576959 0.998334 0] [3997.43 1707.62 429.909 1] ",
        "cam03": "[0.0168685 0.999409 -0.029963 0] [-0.999858 0.0168761 -3.6051e-10 0] [0.000505659 0.0299588 0.999551 0] [3997.43 1707.62 429.465 1] ",
        "cam04": "[0.0170749 0.9993 -0.0332821 0] [-0.999854 0.0170844 -4.00349e-10 0] [0.000568604 0.0332773 0.999446 0] [3997.43 1709.48 429.909 1] ",
        "cam05": "[-0.13684 0.989858 -0.0381517 0] [-0.990579 -0.13694 -5.0446e-10 0] [-0.00522449 0.0377923 0.999272 0] [4020.87 1709.06 430.714 1] ",
        "cam06": "[0.0168325 0.99932 -0.0328097 0] [-0.999858 0.0168416 -3.94734e-10 0] [0.000552568 0.0328051 0.999462 0] [3997.43 1707.31 429.909 1] ",
        "cam07": "[0.0457829 0.998439 -0.0319997 0] [-0.99895 0.0458064 -3.77819e-10 0] [0.00146579 0.0319661 0.999488 0] [3993.02 1707.75 429.776 1] ",
        "cam08": "[0.016867 0.999317 -0.0328768 0] [-0.999858 0.0168761 0 0] [0.000554833 0.0328722 0.999459 0] [3995.28 1709.1 429.115 1] ",
        "cam09": "[0.0169139 0.998838 -0.0451179 0] [-0.999857 0.0169311 -5.42522e-10 0] [0.000763896 0.0451114 0.998982 0] [3997.43 1708.11 431.757 1] ",
        "cam10": "[0.016867 0.999317 -0.0328769 0] [-0.999858 0.0168761 -3.95532e-10 0] [0.000554833 0.0328722 0.999459 0] [3997.43 1707.62 429.909 1] "
    },
    "frame7": {
        "cam01": "[0.0736723 0.99674 -0.0328768 0] [-0.99728 0.0737121 -3.46945e-18 0] [0.00242342 0.0327874 0.999459 0] [3997.43 1707.62 429.909 1] ",
        "cam02": "[0.0168438 0.997944 -0.061839 0] [-0.999858 0.0168761 3.46945e-18 0] [0.0010436 0.0618302 0.998086 0] [3997.43 1707.62 429.909 1] ",
        "cam03": "[0.0168688 0.999426 -0.0293792 0] [-0.999858 0.0168761 -3.53491e-10 0] [0.000495806 0.029375 0.999568 0] [3997.43 1707.62 429.376 1] ",
        "cam04": "[0.0171137 0.999297 -0.0333577 0] [-0.999853 0.0171232 -4.01248e-10 0] [0.000571192 0.0333529 0.999443 0] [3997.43 1709.82 429.909 1] ",
        "cam05": "[-0.160028 0.98634 -0.0390308 0] [-0.987093 -0.16015 -5.23157e-10 0] [-0.0062508 0.038527 0.999238 0] [4024.4 1709.6 430.848 1] ",
        "cam06": "[0.0168258 0.99932 -0.0327965 0] [-0.999858 0.0168348 -3.94578e-10 0] [0.000552124 0.0327919 0.999462 0] [3997.43 1707.25 429.909 1] ",
        "cam07": "[0.0505993 0.998211 -0.0318535 0] [-0.998718 0.050625 -3.74904e-10 0] [0.00161258 0.0318126 0.999493 0] [3992.28 1707.79 429.753 1] ",
        "cam08": "[0.016867 0.999317 -0.0328768 0] [-0.999858 0.0168761 0 0] [0.000554833 0.0328722 0.999459 0] [3994.55 1709.6 428.849 1] ",
        "cam09": "[0.0169297 0.998635 -0.0494074 0] [-0.999856 0.0169504 -5.93973e-10 0] [0.000837474 0.0494003 0.998779 0] [3997.43 1708.29 432.402 1] ",
        "cam10": "[0.016867 0.999317 -0.0328769 0] [-0.999858 0.0168761 -3.95532e-10 0] [0.000554833 0.0328722 0.999459 0] [3997.43 1707.62 429.909 1] "
    },
    "frame8": {
        "cam01": "[0.0817721 0.996109 -0.0328768 0] [-0.996647 0.0818164 -3.46945e-18 0] [0.00268986 0.0327666 0.999459 0] [3997.43 1707.62 429.909 1] ",
        "cam02": "[0.0168393 0.997679 -0.0659727 0] [-0.999858 0.0168761 0 0] [0.00111336 0.0659633 0.997821 0] [3997.43 1707.62 429.909 1] ",
        "cam03": "[0.0168691 0.999444 -0.028763 0] [-0.999858 0.0168761 -3.46084e-10 0] [0.000485408 0.0287589 0.999586 0] [3997.43 1707.62 429.281 1] ",
        "cam04": "[0.0171538 0.999294 -0.0334359 0] [-0.999853 0.0171634 -4.02176e-10 0] [0.000573874 0.033431 0.999441 0] [3997.43 1710.17 429.909 1] ",
        "cam05": "[-0.182541 0.982388 -0.0399098 0] [-0.983171 -0.182687 -5.41987e-10 0] [-0.007291 0.0392382 0.999203 0] [4027.83 1710.2 430.982 1] ",
        "cam06": "[0.0168187 0.999321 -0.0327827 0] [-0.999858 0.0168277 -3.94413e-10 0] [0.000551659 0.0327781 0.999463 0] [3997.43 1707.18 429.909 1] ",
        "cam07": "[0.0554146 0.99796 -0.0317073 0] [-0.998462 0.0554425 -3.72001e-10 0] [0.00175793 0.0316585 0.999497 0] [3991.55 1707.83 429.731 1] ",
        "cam08": "[0.016867 0.999317 -0.0328768 0] [-0.999858 0.0168761 0 0] [0.000554833 0.0328722 0.999459 0] [3993.73 1710.16 428.55 1] ",
        "cam09": "[0.0169474 0.998381 -0.0542986 0] [-0.999856 0.0169724 -6.526e-10 0] [0.000921576 0.0542907 0.998525 0] [3997.43 1708.48 433.137 1] ",
        "cam10": "[0.016867 0.999317 -0.0328769 0] [-0.999858 0.0168761 -3.95532e-10 0] [0.000554833 0.0328722 0.999459 0] [3997.43 1707.62 429.909 1] "
    },
    "frame9": {
        "cam01": "[0.0898666 0.995411 -0.0328768 0] [-0.995949 0.0899152 -1.38778e-17 0] [0.00295613 0.0327437 0.999459 0] [3997.43 1707.62 429.909 1] ",
        "cam02": "[0.0168346 0.997398 -0.0701054 0] [-0.999858 0.0168761 6.93889e-18 0] [0.00118311 0.0700954 0.99754 0] [3997.43 1707.62 429.909 1] ",
        "cam03": "[0.0168694 0.999462 -0.0281127 0] [-0.999858 0.0168761 -3.38265e-10 0] [0.000474433 0.0281087 0.999605 0] [3997.43 1707.62 429.182 1] ",
        "cam04": "[0.0171953 0.99929 -0.0335167 0] [-0.999852 0.0172049 -4.03137e-10 0] [0.000576653 0.0335118 0.999438 0] [3997.43 1710.53 429.909 1] ",
        "cam05": "[-0.204389 0.97804 -0.0407888 0] [-0.978854 -0.204559 -5.60942e-10 0] [-0.00834372 0.0399263 0.999168 0] [4031.17 1710.86 431.116 1] ",
        "cam06": "[0.0168113 0.999322 -0.0327682 0] [-0.999859 0.0168203 -3.94241e-10 0] [0.00055117 0.0327636 0.999463 0] [3997.43 1707.11 429.909 1] ",
        "cam07": "[0.0602286 0.997686 -0.0315611 0] [-0.998183 0.0602586 -3.69109e-10 0] [0.00190183 0.0315037 0.999502 0] [3990.82 1707.87 429.709 1] ",
        "cam08": "[0.016867 0.999317 -0.0328768 0] [-0.999858 0.0168761 0 0] [0.000554833 0.0328722 0.999459 0] [3992.82 1710.77 428.222 1] ",
        "cam09": "[0.0169667 0.998068 -0.0597764 0] [-0.999856 0.0169971 -7.182e-10 0] [0.00101602 0.0597678 0.998212 0] [3997.43 1708.7 433.958 1] ",
        "cam10": "[0.016867 0.999317 -0.0328769 0] [-0.999858 0.0168761 -3.95532e-10 0] [0.000554833 0.0328722 0.999459 0] [3997.43 1707.62 429.909 1] "
    },
    "frame10": {
        "cam01": "[0.0979551 0.994648 -0.0328768 0] [-0.995186 0.0980081 -6.93889e-18 0] [0.0032222 0.0327186 0.999459 0] [3997.43 1707.62 429.909 1] ",
        "cam02": "[0.0168295 0.997099 -0.0742368 0] [-0.999858 0.0168761 6.93889e-18 0] [0.00125283 0.0742262 0.997241 0] [3997.43 1707.62 429.909 1] ",
        "cam03": "[0.0168698 0.999481 -0.0274265 0] [-0.999858 0.0168761 -3.30015e-10 0] [0.000462852 0.0274226 0.999624 0] [3997.43 1707.62 429.078 1] ",
        "cam04": "[0.0172381 0.999287 -0.0336003 0] [-0.999851 0.0172479 -4.04129e-10 0] [0.000579534 0.0335953 0.999435 0] [3997.43 1710.9 429.909 1] ",
        "cam05": "[-0.225582 0.973333 -0.0416677 0] [-0.974179 -0.225778 -5.80016e-10 0] [-0.00940764 0.0405918 0.999132 0] [4034.4 1711.58 431.25 1] ",
        "cam06": "[0.0168035 0.999322 -0.032753 0] [-0.999859 0.0168125 -3.9406e-10 0] [0.000550659 0.0327484 0.999463 0] [3997.43 1707.04 429.909 1] ",
        "cam07": "[0.0650413 0.997388 -0.0314149 0] [-0.99788 0.0650734 -3.66227e-10 0] [0.00204427 0.0313483 0.999506 0] [3990.08 1707.91 429.686 1] ",
        "cam08": "[0.016867 0.999317 -0.0328768 0] [-0.999858 0.0168761 0 0] [0.000554833 0.0328722 0.999459 0] [3991.84 1711.43 427.867 1] ",
        "cam09": "[0.0169874 0.997687 -0.065826 0] [-0.999855 0.0170243 -7.90569e-10 0] [0.00112064 0.0658165 0.997831 0] [3997.43 1708.95 434.862 1] ",
        "cam10": "[0.016867 0.999317 -0.0328769 0] [-0.999858 0.0168761 -3.95532e-10 0] [0.000554833 0.0328722 0.999459 0] [3997.43 1707.62 429.909 1] "
    },
    "frame11": {
        "cam01": "[0.106037 0.993819 -0.0328768 0] [-0.994356 0.106095 -3.46945e-18 0] [0.00348805 0.0326913 0.999459 0] [3997.43 1707.62 429.909 1] ",
        "cam02": "[0.0168242 0.996783 -0.078367 0] [-0.999858 0.0168761 0 0] [0.00132253 0.0783558 0.996925 0] [3997.43 1707.62 429.909 1] ",
        "cam03": "[0.0168701 0.999501 -0.0267022 0] [-0.999858 0.0168761 -3.21306e-10 0] [0.000450629 0.0266984 0.999643 0] [3997.43 1707.62 428.967 1] ",
        "cam04": "[0.0172825 0.999283 -0.0336867 0] [-0.99985 0.0172923 -4.05156e-10 0] [0.000582521 0.0336817 0.999432 0] [3997.43 1711.29 429.909 1] ",
        "cam05": "[-0.246132 0.968302 -0.0425467 0] [-0.96918 -0.246355 -5.99203e-10 0] [-0.0104816 0.0412354 0.999094 0] [4037.53 1712.35 431.384 1] ",
        "cam06": "[0.0167953 0.999323 -0.0327371 0] [-0.999859 0.0168043 -3.93871e-10 0] [0.000550122 0.0327324 0.999464 0] [3997.43 1706.97 429.909 1] ",
        "cam07": "[0.0698525 0.997067 -0.0312687 0] [-0.997555 0.0698866 -3.63357e-10 0] [0.00218526 0.0311922 0.999511 0] [3989.35 1707.96 429.664 1] ",
        "cam08": "[0.016867 0.999317 -0.0328768 0] [-0.999858 0.0168761 0 0] [0.000554833 0.0328722 0.999459 0] [3990.79 1712.14 427.488 1] ",
        "cam09": "[0.0170094 0.997228 -0.0724321 0] [-0.999855 0.0170542 -8.69492e-10 0] [0.00123527 0.0724215 0.997373 0] [3997.43 1709.21 435.848 1] ",
        "cam10": "[0.016867 0.999317 -0.0328769 0] [-0.999858 0.0168761 -3.95532e-10 0] [0.000554833 0.0328722 0.999459 0] [3997.43 1707.62 429.909 1] "
    },
    "frame12": {
        "cam01": "[0.114112 0.992924 -0.0328768 0] [-0.993461 0.114174 -6.93889e-18 0] [0.00375368 0.0326618 0.999459 0] [3997.43 1707.62 429.909 1] ",
        "cam02": "[0.0168186 0.996449 -0.0824958 0] [-0.999858 0.0168761 -6.93889e-18 0] [0.00139221 0.082484 0.996591 0] [3997.43 1707.62 429.909 1] ",
        "cam03": "[0.0168704 0.999521 -0.0259378 0] [-0.999858 0.0168761 -3.12115e-10 0] [0.00043773 0.0259342 0.999664 0] [3997.43 1707.62 428.85 1] ",
        "cam04": "[0.0173283 0.999279 -0.0337761 0] [-0.99985 0.0173382 -4.06218e-10 0] [0.000585617 0.033771 0.999429 0] [3997.43 1711.68 429.909 1] ",
        "cam05": "[-0.266053 0.96298 -0.0434256 0] [-0.963889 -0.266304 -6.18493e-10 0] [-0.0115644 0.0418575 0.999057 0] [4040.57 1713.16 431.518 1] ",
        "cam06": "[0.0167867 0.999324 -0.0327203 0] [-0.999859 0.0167957 -3.93672e-10 0] [0.00054956 0.0327157 0.999465 0] [3997.43 1706.89 429.909 1] ",
        "cam07": "[0.0746621 0.996723 -0.0311225 0] [-0.997206 0.0746983 -3.60497e-10 0] [0.00232479 0.0310355 0.999516 0] [3988.62 1708.02 429.642 1] ",
        "cam08": "[0.016867 0.999317 -0.0328768 0] [-0.999858 0.0168761 0 0] [0.000554833 0.0328722 0.999459 0] [3989.67 1712.89 427.086 1] ",
        "cam09": "[0.0170323 0.996683 -0.0795792 0] [-0.999854 0.0170865 -9.54746e-10 0] [0.00135973 0.0795676 0.996829 0] [3997.43 1709.5 436.913 1] ",
        "cam10": "[0.016867 0.999317 -0.0328769 0] [-0.999858 0.0168761 -3.95532e-10 0] [0.000554833 0.0328722 0.999459 0] [3997.43 1707.62 429.909 1] "
    },
    "frame13": {
        "cam01": "[0.12218 0.991963 -0.0328768 0] [-0.9925 0.122246 0 0] [0.00401905 0.0326303 0.999459 0] [3997.43 1707.62 429.909 1] ",
        "cam02": "[0.0168127 0.996099 -0.0866232 0] [-0.999858 0.0168761 0 0] [0.00146186 0.0866109 0.996241 0] [3997.43 1707.62 429.909 1] ",
        "cam03": "[0.0168708 0.999542 -0.0251313 0] [-0.999858 0.0168761 -3.02415e-10 0] [0.000424118 0.0251277 0.999684 0] [3997.43 1707.62 428.727 1] ",
        "cam04": "[0.0173758 0.999275 -0.0338686 0] [-0.999849 0.0173858 -4.07316e-10 0] [0.00058883 0.0338634 0.999426 0] [3997.43 1712.09 429.909 1] ",
        "cam05": "[-0.285356 0.957397 -0.0443044 0] [-0.958338 -0.285637 -6.37882e-10 0] [-0.012655 0.0424586 0.999018 0] [4043.51 1714.01 431.652 1] ",
        "cam06": "[0.0167777 0.999324 -0.0327028 0] [-0.999859 0.0167867 -3.93463e-10 0] [0.000548971 0.0326982 0.999465 0] [3997.43 1706.81 429.909 1] ",
        "cam07": "[0.07947 0.996356 -0.0309762 0] [-0.996834 0.0795081 -3.57647e-10 0] [0.00246286 0.0308781 0.99952 0] [3987.88 1708.07 429.62 1] ",
        "cam08": "[0.016867 0.999317 -0.0328768 0] [-0.999858 0.0168761 0 0] [0.000554833 0.0328722 0.999459 0] [3988.49 1713.67 426.665 1] ",
        "cam09": "[0.0170559 0.99604 -0.0872518 0] [-0.999853 0.0171212 -1.0461e-09 0] [0.00149386 0.087239 0.996186 0] [3997.43 1709.8 438.053 1] ",
        "cam10": "[0.016867 0.999317 -0.0328769 0] [-0.999858 0.0168761 -3.95532e-10 0] [0.000554833 0.0328722 0.999459 0] [3997.43 1707.62 429.909 1] "
    },
    "frame14": {
        "cam01": "[0.130239 0.990937 -0.0328768 0] [-0.991473 0.13031 0 0] [0.00428417 0.0325965 0.999459 0] [3997.43 1707.62 429.909 1] ",
        "cam02": "[0.0168065 0.995732 -0.0907491 0] [-0.999858 0.0168761 -6.93889e-18 0] [0.00153149 0.0907362 0.995874 0] [3997.43 1707.62 429.909 1] ",
        "cam03": "[0.0168711 0.999563 -0.02428 0] [-0.999858 0.0168761 -2.92178e-10 0] [0.000409752 0.0242765 0.999705 0] [3997.43 1707.62 428.598 1] ",
        "cam04": "[0.0174249 0.999271 -0.0339642 0] [-0.999848 0.0174349 -4.08452e-10 0] [0.000592163 0.0339591 0.999423 0] [3997.43 1712.5 429.909 1] ",
        "cam05": "[-0.304056 0.951582 -0.0451833 0] [-0.952555 -0.304367 -6.57364e-10 0] [-0.0137523 0.0430396 0.998979 0] [4046.36 1714.9 431.786 1] ",
        "cam06": "[0.0167683 0.999325 -0.0326844 0] [-0.999859 0.0167772 -3.93245e-10 0] [0.000548354 0.0326798 0.999466 0] [3997.43 1706.72 429.909 1] ",
        "cam07": "[0.0842761 0.995965 -0.03083 0] [-0.996439 0.0843162 -3.54809e-10 0] [0.00259946 0.0307202 0.999525 0] [3987.15 1708.13 429.597 1] ",
        "cam08": "[0.016867 0.999317 -0.0328768 0] [-0.999858 0.0168761 0 0] [0.000554833 0.0328722 0.999459 0] [3987.25 1714.49 426.227 1] ",
        "cam09": "[0.01708 0.995289 -0.0954335 0] [-0.999853 0.0171584 -1.1433e-09 0] [0.00163748 0.0954194 0.995436 0] [3997.43 1710.13 439.267 1] ",
        "cam10": "[0.016867 0.999317 -0.0328769 0] [-0.999858 0.0168761 -3.95532e-10 0] [0.000554833 0.0328722 0.999459 0] [3997.43 1707.62 429.909 1] "
    },
    "frame15": {
        "cam01": "[0.13829 0.989846 -0.0328768 0] [-0.990381 0.138365 3.46945e-18 0] [0.00454899 0.0325606 0.999459 0] [3997.43 1707.62 429.909 1] ",
        "cam02": "[0.0168 0.995348 -0.0948735 0] [-0.999858 0.0168761 0 0] [0.0016011 0.09486 0.995489 0] [3997.43 1707.62 429.909 1] ",
        "cam03": "[0.0168715 0.999584 -0.0233817 0] [-0.999858 0.0168761 -2.81374e-10 0] [0.000394592 0.0233783 0.999727 0] [3997.43 1707.62 428.461 1] ",
        "cam04": "[0.0174756 0.999267 -0.0340632 0] [-0.999847 0.0174858 -4.09628e-10 0] [0.000595622 0.034058 0.99942 0] [3997.43 1712.93 429.909 1] ",
        "cam05": "[-0.322167 0.945561 -0.0460621 0] [-0.946566 -0.32251 -6.76933e-10 0] [-0.0148555 0.0436008 0.998939 0] [4049.13 1715.82 431.92 1] ",
        "cam06": "[0.0167584 0.999326 -0.0326651 0] [-0.999859 0.0167673 -3.93016e-10 0] [0.000547707 0.0326606 0.999466 0] [3997.43 1706.63 429.909 1] ",
        "cam07": "[0.0890803 0.995552 -0.0306838 0] [-0.996021 0.0891222 -3.51982e-10 0] [0.00273461 0.0305617 0.999529 0] [3986.42 1708.19 429.575 1] ",
        "cam08": "[0.016867 0.999317 -0.0328768 0] [-0.999858 0.0168761 0 0] [0.000554833 0.0328722 0.999459 0] [3985.97 1715.34 425.774 1] ",
        "cam09": "[0.0171044 0.994419 -0.104108 0] [-0.999852 0.0171978 -1.2461e-09 0] [0.00179042 0.104092 0.994566 0] [3997.43 1710.47 440.551 1] ",
        "cam10": "[0.016867 0.999317 -0.0328769 0] [-0.999858 0.0168761 -3.95532e-10 0] [0.000554833 0.0328722 0.999459 0] [3997.43 1707.62 429.909 1] "
    },
    "frame16": {
        "cam01": "[0.146332 0.988689 -0.0328768 0] [-0.989224 0.146411 -3.46945e-18 0] [0.00481352 0.0325225 0.999459 0] [3997.43 1707.62 429.909 1] ",
        "cam02": "[0.0167932 0.994946 -0.0989962 0] [-0.999858 0.0168761 2.08167e-17 0] [0.00167067 0.0989821 0.995088 0] [3997.43 1707.62 429.909 1] ",
        "cam03": "[0.0168719 0.999606 -0.0224336 0] [-0.999858 0.0168761 -2.6997e-10 0] [0.000378591 0.0224304 0.999748 0] [3997.43 1707.62 428.316 1] ",
        "cam04": "[0.0175282 0.999262 -0.0341657 0] [-0.999846 0.0175384 -4.10845e-10 0] [0.000599213 0.0341604 0.999416 0] [3997.43 1713.38 429.909 1] ",
        "cam05": "[-0.339703 0.939361 -0.0469408 0] [-0.940397 -0.340078 -6.96581e-10 0] [-0.0159635 0.044143 0.998898 0] [4051.8 1716.76 432.054 1] ",
        "cam06": "[0.016748 0.999327 -0.0326449 0] [-0.99986 0.0167569 -3.92775e-10 0] [0.000547029 0.0326404 0.999467 0] [3997.43 1706.54 429.909 1] ",
        "cam07": "[0.0938824 0.995115 -0.0305376 0] [-0.995579 0.0939262 -3.49166e-10 0] [0.00286828 0.0304026 0.999534 0] [3985.68 1708.26 429.553 1] ",
        "cam08": "[0.016867 0.999317 -0.0328768 0] [-0.999858 0.0168761 0 0] [0.000554833 0.0328722 0.999459 0] [3984.64 1716.2 425.309 1] ",
        "cam09": "[0.0171286 0.993418 -0.113257 0] [-0.999851 0.0172396 -1.35421e-09 0] [0.0019525 0.11324 0.993566 0] [3997.43 1710.83 441.902 1] ",
        "cam10": "[0.016867 0.999317 -0.0328769 0] [-0.999858 0.0168761 -3.95532e-10 0] [0.000554833 0.0328722 0.999459 0] [3997.43 1707.62 429.909 1] "
    },
    "frame17": {
        "cam01": "[0.154364 0.987467 -0.0328768 0] [-0.988001 0.154447 0 0] [0.00507773 0.0324823 0.999459 0] [3997.43 1707.62 429.909 1] ",
        "cam02": "[0.0167862 0.994528 -0.103117 0] [-0.999858 0.0168761 -1.38778e-17 0] [0.00174022 0.103103 0.994669 0] [3997.43 1707.62 429.909 1] ",
        "cam03": "[0.0168722 0.999628 -0.0214331 0] [-0.999858 0.0168761 -2.57935e-10 0] [0.000361707 0.02143 0.99977 0] [3997.43 1707.62 428.163 1] ",
        "cam04": "[0.0175826 0.999258 -0.0342717 0] [-0.999845 0.017593 -4.12104e-10 0] [0.000602941 0.0342664 0.999413 0] [3997.43 1713.83 429.909 1] ",
        "cam05": "[-0.356678 0.933003 -0.0478195 0] [-0.934071 -0.357087 -7.16306e-10 0] [-0.0170757 0.0446668 0.998856 0] [4054.39 1717.73 432.188 1] ",
        "cam06": "[0.0167371 0.999328 -0.0326238 0] [-0.99986 0.0167461 -3.92524e-10 0] [0.000546319 0.0326192 0.999468 0] [3997.43 1706.44 429.909 1] ",
        "cam07": "[0.0986824 0.994655 -0.0303914 0] [-0.995114 0.098728 -3.4636e-10 0] [0.00300048 0.0302429 0.999538 0] [3984.95 1708.33 429.53 1] ",
        "cam08": "[0.016867 0.999317 -0.0328768 0] [-0.999858 0.0168761 0 0] [0.000554833 0.0328722 0.999459 0] [3983.27 1717.09 424.834 1] ",
        "cam09": "[0.0171526 0.992275 -0.122864 0] [-0.999851 0.0172835 -1.46735e-09 0] [0.00212352 0.122845 0.992424 0] [3997.43 1711.21 443.319 1] ",
        "cam10": "[0.016867 0.999317 -0.0328769 0] [-0.999858 0.0168761 -3.95532e-10 0] [0.000554833 0.0328722 0.999459 0] [3997.43 1707.62 429.909 1] "
    },
    "frame18": {
        "cam01": "[0.162385 0.98618 -0.0328768 0] [-0.986713 0.162473 -6.93889e-18 0] [0.00534161 0.03244 0.999459 0] [3997.43 1707.62 429.909 1] ",
        "cam02": "[0.0167788 0.994092 -0.107236 0] [-0.999858 0.0168761 -2.08167e-17 0] [0.00180974 0.107221 0.994234 0] [3997.43 1707.62 429.909 1] ",
        "cam03": "[0.0168726 0.99965 -0.0203772 0] [-0.999858 0.0168761 -2.45234e-10 0] [0.000343887 0.0203743 0.999792 0] [3997.43 1707.62 428.002 1] ",
        "cam04": "[0.017639 0.999253 -0.0343816 0] [-0.999844 0.0176494 -4.13408e-10 0] [0.000606814 0.0343762 0.999409 0] [3997.43 1714.3 429.909 1] ",
        "cam05": "[-0.373107 0.926509 -0.0486982 0] [-0.92761 -0.373551 -7.36101e-10 0] [-0.0181912 0.0451729 0.998814 0] [4056.89 1718.72 432.322 1] ",
        "cam06": "[0.0167258 0.999328 -0.0326016 0] [-0.99986 0.0167346 -3.92259e-10 0] [0.000545575 0.032597 0.999468 0] [3997.43 1706.33 429.909 1] ",
        "cam07": "[0.10348 0.994172 -0.0302452 0] [-0.994627 0.103528 -3.43566e-10 0] [0.00313121 0.0300827 0.999543 0] [3984.22 1708.4 429.508 1] ",
        "cam08": "[0.016867 0.999317 -0.0328768 0] [-0.999858 0.0168761 0 0] [0.000554833 0.0328722 0.999459 0] [3981.88 1717.99 424.352 1] ",
        "cam09": "[0.0171759 0.990979 -0.132909 0] [-0.99985 0.0173297 -1.58519e-09 0] [0.00230326 0.132889 0.991128 0] [3997.43 1711.61 444.798 1] ",
        "cam10": "[0.016867 0.999317 -0.0328769 0] [-0.999858 0.0168761 -3.95532e-10 0] [0.000554833 0.0328722 0.999459 0] [3997.43 1707.62 429.909 1] "
    },
    "frame19": {
        "cam01": "[0.170396 0.984827 -0.0328768 0] [-0.98536 0.170489 0 0] [0.00560513 0.0323955 0.999459 0] [3997.43 1707.62 429.909 1] ",
        "cam02": "[0.0167712 0.993639 -0.111354 0] [-0.999858 0.0168761 0 0] [0.00187922 0.111338 0.993781 0] [3997.43 1707.62 429.909 1] ",
        "cam03": "[0.016873 0.999672 -0.0192628 0] [-0.999858 0.0168761 -2.31827e-10 0] [0.000325081 0.01926 0.999814 0] [3997.43 1707.62 427.832 1] ",
        "cam04": "[0.0176973 0.999248 -0.0344953 0] [-0.999843 0.0177079 -4.14759e-10 0] [0.000610838 0.0344899 0.999405 0] [3997.43 1714.78 429.909 1] ",
        "cam05": "[-0.389005 0.919901 -0.0495769 0] [-0.921033 -0.389484 -7.55962e-10 0] [-0.0193094 0.0456619 0.99877 0] [4059.32 1719.73 432.456 1] ",
        "cam06": "[0.0167138 0.999329 -0.0325783 0] [-0.99986 0.0167227 -3.91983e-10 0] [0.000544796 0.0325737 0.999469 0] [3997.43 1706.22 429.909 1] ",
        "cam07": "[0.108276 0.993665 -0.030099 0] [-0.994116 0.108325 -3.40782e-10 0] [0.00326046 0.0299219 0.999547 0] [3983.49 1708.48 429.486 1] ",
        "cam08": "[0.016867 0.999317 -0.0328768 0] [-0.999858 0.0168761 0 0] [0.000554833 0.0328722 0.999459 0] [3980.46 1718.9 423.865 1] ",
        "cam09": "[0.0171984 0.989519 -0.143372 0] [-0.999849 0.017378 -1.70742e-09 0] [0.00249152 0.143351 0.989669 0] [3997.43 1712.02 446.337 1] ",
        "cam10": "[0.016867 0.999317 -0.0328769 0] [-0.999858 0.0168761 -3.95532e-10 0] [0.000554833 0.0328722 0.999459 0] [3997.43 1707.62 429.909 1] "
    },
    "frame20": {
        "cam01": "[0.178396 0.983409 -0.0328768 0] [-0.983941 0.178493 -6.93889e-18 0] [0.00586828 0.0323489 0.999459 0] [3997.43 1707.62 429.909 1] ",
        "cam02": "[0.0167632 0.99317 -0.115469 0] [-0.999858 0.0168761 -6.93889e-18 0] [0.00194868 0.115453 0.993311 0] [3997.43 1707.62 429.909 1] ",
        "cam03": "[0.0168734 0.999694 -0.0180868 0] [-0.999858 0.0168761 -2.17679e-10 0] [0.000305234 0.0180842 0.999836 0] [3997.43 1707.62 427.653 1] ",
        "cam04": "[0.0177578 0.999243 -0.0346131 0] [-0.999842 0.0177684 -4.16157e-10 0] [0.00061502 0.0346077 0.999401 0] [3997.43 1715.27 429.909 1] ",
        "cam05": "[-0.404385 0.913196 -0.0504554 0] [-0.914361 -0.404901 -7.75883e-10 0] [-0.0204295 0.0461345 0.998726 0] [4061.66 1720.75 432.59 1] ",
        "cam06": "[0.0167013 0.99933 -0.0325539 0] [-0.99986 0.0167102 -3.91693e-10 0] [0.00054398 0.0325493 0.99947 0] [3997.43 1706.11 429.909 1] ",
        "cam07": "[0.113068 0.993136 -0.0299528 0] [-0.993581 0.113119 -3.3801e-10 0] [0.00338823 0.0297605 0.999551 0] [3982.76 1708.56 429.463 1] ",
        "cam08": "[0.016867 0.999317 -0.0328768 0] [-0.999858 0.0168761 0 0] [0.000554833 0.0328722 0.999459 0] [3979.01 1719.81 423.375 1] ",
        "cam09": "[0.0172198 0.987884 -0.154235 0] [-0.999848 0.0174283 -1.83369e-09 0] [0.00268805 0.154211 0.988034 0] [3997.43 1712.45 447.933 1] ",
        "cam10": "[0.016867 0.999317 -0.0328769 0] [-0.999858 0.0168761 -3.95532e-10 0] [0.000554833 0.0328722 0.999459 0] [3997.43 1707.62 429.909 1] "
    },
    "frame21": {
        "cam01": "[0.186384 0.981927 -0.0328768 0] [-0.982458 0.186485 3.46945e-18 0] [0.00613104 0.0323001 0.999459 0] [3997.43 1707.62 429.909 1] ",
        "cam02": "[0.016755 0.992683 -0.119583 0] [-0.999858 0.0168761 -6.93889e-18 0] [0.0020181 0.119566 0.992824 0] [3997.43 1707.62 429.909 1] ",
        "cam03": "[0.0168737 0.999716 -0.0168456 0] [-0.999858 0.0168761 -2.02746e-10 0] [0.000284288 0.0168432 0.999858 0] [3997.43 1707.62 427.464 1] ",
        "cam04": "[0.0178204 0.999238 -0.0347352 0] [-0.999841 0.0178311 -4.17606e-10 0] [0.000619367 0.0347297 0.999397 0] [3997.43 1715.78 429.909 1] ",
        "cam05": "[-0.419263 0.906412 -0.051334 0] [-0.907609 -0.419817 -7.9586e-10 0] [-0.0215509 0.0465912 0.998682 0] [4063.93 1721.79 432.724 1] ",
        "cam06": "[0.0166882 0.999331 -0.0325283 0] [-0.999861 0.016697 -3.91389e-10 0] [0.000543125 0.0325238 0.999471 0] [3997.43 1705.98 429.909 1] ",
        "cam07": "[0.117859 0.992583 -0.0298066 0] [-0.993024 0.117911 -3.35248e-10 0] [0.00351453 0.0295986 0.999556 0] [3982.03 1708.65 429.441 1] ",
        "cam08": "[0.016867 0.999317 -0.0328768 0] [-0.999858 0.0168761 0 0] [0.000554833 0.0328722 0.999459 0] [3977.56 1720.73 422.885 1] ",
        "cam09": "[0.0172397 0.986063 -0.165474 0] [-0.999847 0.0174807 -1.96363e-09 0] [0.0028926 0.165449 0.986214 0] [3997.43 1712.89 449.583 1] ",
        "cam10": "[0.016867 0.999317 -0.0328769 0] [-0.999858 0.0168761 -3.95532e-10 0] [0.000554833 0.0328722 0.999459 0] [3997.43 1707.62 429.909 1] "
    },
    "frame22": {
        "cam01": "[0.19436 0.980379 -0.0328768 0] [-0.980909 0.194465 -3.46945e-18 0] [0.0063934 0.0322492 0.999459 0] [3997.43 1707.62 429.909 1] ",
        "cam02": "[0.0167465 0.992179 -0.123694 0] [-0.999858 0.0168761 0 0] [0.00208748 0.123677 0.99232 0] [3997.43 1707.62 429.909 1] ",
        "cam03": "[0.0168741 0.999737 -0.0155358 0] [-0.999858 0.0168761 -1.86986e-10 0] [0.000262184 0.0155336 0.999879 0] [3997.43 1707.62 427.264 1] ",
        "cam04": "[0.0178853 0.999232 -0.0348617 0] [-0.99984 0.0178962 -4.19107e-10 0] [0.000623889 0.0348561 0.999392 0] [3997.43 1716.31 429.909 1] ",
        "cam05": "[-0.433653 0.899566 -0.0522125 0] [-0.900795 -0.434245 -8.15888e-10 0] [-0.022673 0.0470328 0.998636 0] [4066.13 1722.83 432.858 1] ",
        "cam06": "[0.0166744 0.999333 -0.0325015 0] [-0.999861 0.0166832 -3.9107e-10 0] [0.00054223 0.032497 0.999472 0] [3997.43 1705.86 429.909 1] ",
        "cam07": "[0.122646 0.992007 -0.0296604 0] [-0.992444 0.1227 -3.32497e-10 0] [0.00363934 0.0294363 0.99956 0] [3981.3 1708.73 429.419 1] ",
        "cam08": "[0.016867 0.999317 -0.0328768 0] [-0.999858 0.0168761 0 0] [0.000554833 0.0328722 0.999459 0] [3976.1 1721.64 422.398 1] ",
        "cam09": "[0.0172579 0.984047 -0.177068 0] [-0.999846 0.017535 -2.09685e-09 0] [0.0031049 0.177041 0.984199 0] [3997.43 1713.35 451.285 1] ",
        "cam10": "[0.016867 0.999317 -0.0328769 0] [-0.999858 0.0168761 -3.95532e-10 0] [0.000554833 0.0328722 0.999459 0] [3997.43 1707.62 429.909 1] "
    },
    "frame23": {
        "cam01": "[0.202323 0.978767 -0.0328768 0] [-0.979296 0.202432 0 0] [0.00665534 0.0321962 0.999459 0] [3997.43 1707.62 429.909 1] ",
        "cam02": "[0.0167377 0.991658 -0.127804 0] [-0.999858 0.0168761 -2.77556e-17 0] [0.00215683 0.127786 0.991799 0] [3997.43 1707.62 429.909 1] ",
        "cam03": "[0.0168744 0.999757 -0.0141535 0] [-0.999858 0.0168761 -1.70352e-10 0] [0.000238856 0.0141515 0.9999 0] [3997.43 1707.62 427.053 1] ",
        "cam04": "[0.0179525 0.999226 -0.0349928 0] [-0.999839 0.0179635 -4.20664e-10 0] [0.000628594 0.0349871 0.999388 0] [3997.43 1716.85 429.909 1] ",
        "cam05": "[-0.447569 0.892672 -0.053091 0] [-0.893933 -0.448201 -8.35964e-10 0] [-0.0237955 0.0474598 0.99859 0] [4068.25 1723.88 432.992 1] ",
        "cam06": "[0.01666 0.999334 -0.0324734 0] [-0.999861 0.0166688 -3.90736e-10 0] [0.000541293 0.0324689 0.999473 0] [3997.43 1705.72 429.909 1] ",
        "cam07": "[0.127431 0.991408 -0.0295142 0] [-0.99184 0.127487 -3.29757e-10 0] [0.00376267 0.0292733 0.999564 0] [3980.57 1708.83 429.397 1] ",
        "cam08": "[0.016867 0.999317 -0.0328768 0] [-0.999858 0.0168761 0 0] [0.000554833 0.0328722 0.999459 0] [3974.63 1722.54 421.916 1] ",
        "cam09": "[0.0172742 0.981826 -0.188995 0] [-0.999845 0.0175913 -2.23295e-09 0] [0.00332466 0.188966 0.981978 0] [3997.43 1713.82 453.036 1] ",
        "cam10": "[0.016867 0.999317 -0.0328769 0] [-0.999858 0.0168761 -3.95532e-10 0] [0.000554833 0.0328722 0.999459 0] [3997.43 1707.62 429.909 1] "
    },
    "frame24": {
        "cam01": "[0.210272 0.97709 -0.0328768 0] [-0.977618 0.210386 -6.93889e-18 0] [0.00691683 0.032141 0.999459 0] [3997.43 1707.62 429.909 1] ",
        "cam02": "[0.0167286 0.99112 -0.131911 0] [-0.999858 0.0168761 -1.38778e-17 0] [0.00222614 0.131892 0.991262 0] [3997.43 1707.62 429.909 1] ",
        "cam03": "[0.0168748 0.999777 -0.0126947 0] [-0.999858 0.0168761 -1.52797e-10 0] [0.000214238 0.0126929 0.999919 0] [3997.43 1707.62 426.831 1] ",
        "cam04": "[0.0180223 0.99922 -0.0351287 0] [-0.999837 0.0180334 -4.22277e-10 0] [0.00063349 0.035123 0.999383 0] [3997.43 1717.4 429.909 1] ",
        "cam05": "[-0.461025 0.885744 -0.0539694 0] [-0.887037 -0.461698 -8.56082e-10 0] [-0.0249176 0.0478729 0.998543 0] [4070.3 1724.94 433.126 1] ",
        "cam06": "[0.0166449 0.999335 -0.032444 0] [-0.999861 0.0166537 -3.90386e-10 0] [0.000540312 0.0324395 0.999474 0] [3997.43 1705.58 429.909 1] ",
        "cam07": "[0.132213 0.990786 -0.0293679 0] [-0.991214 0.13227 -3.27027e-10 0] [0.00388449 0.0291098 0.999569 0] [3979.84 1708.92 429.374 1] ",
        "cam08": "[0.016867 0.999317 -0.0328768 0] [-0.999858 0.0168761 0 0] [0.000554833 0.0328722 0.999459 0] [3973.17 1723.42 421.441 1] ",
        "cam09": "[0.0172884 0.979392 -0.201229 0] [-0.999844 0.0176494 -2.37151e-09 0] [0.00355157 0.201198 0.979544 0] [3997.43 1714.3 454.833 1] ",
        "cam10": "[0.016867 0.999317 -0.0328769 0] [-0.999858 0.0168761 -3.95532e-10 0] [0.000554833 0.0328722 0.999459 0] [3997.43 1707.62 429.909 1] "
    },
    "frame25": {
        "cam01": "[0.218208 0.975348 -0.0328768 0] [-0.975876 0.218326 -3.46945e-18 0] [0.00717787 0.0320837 0.999459 0] [3997.43 1707.62 429.909 1] ",
        "cam02": "[0.0167193 0.990566 -0.136016 0] [-0.999858 0.0168761 0 0] [0.00229542 0.135996 0.990707 0] [3997.43 1707.62 429.909 1] ",
        "cam03": "[0.0168751 0.999795 -0.0111553 0] [-0.999858 0.0168761 -1.3427e-10 0] [0.000188258 0.0111537 0.999938 0] [3997.43 1707.62 426.596 1] ",
        "cam04": "[0.0180946 0.999214 -0.0352697 0] [-0.999836 0.0181059 -4.23949e-10 0] [0.000638588 0.0352639 0.999378 0] [3997.43 1717.97 429.909 1] ",
        "cam05": "[-0.474035 0.878796 -0.0548478 0] [-0.880121 -0.47475 -8.76241e-10 0] [-0.026039 0.0482727 0.998495 0] [4072.28 1726 433.26 1] ",
        "cam06": "[0.0166291 0.999336 -0.0324132 0] [-0.999862 0.0166379 -3.9002e-10 0] [0.000539285 0.0324087 0.999475 0] [3997.43 1705.44 429.909 1] ",
        "cam07": "[0.136992 0.990141 -0.0292217 0] [-0.990564 0.13705 -3.24309e-10 0] [0.00400484 0.0289459 0.999573 0] [3979.11 1709.02 429.352 1] ",
        "cam08": "[0.016867 0.999317 -0.0328768 0] [-0.999858 0.0168761 0 0] [0.000554833 0.0328722 0.999459 0] [3971.72 1724.29 420.976 1] ",
        "cam09": "[0.0173 0.976736 -0.213746 0] [-0.999843 0.0177093 -2.5121e-09 0] [0.0037853 0.213713 0.976889 0] [3997.43 1714.79 456.673 1] ",
        "cam10": "[0.016867 0.999317 -0.0328769 0] [-0.999858 0.0168761 -3.95532e-10 0] [0.000554833 0.0328722 0.999459 0] [3997.43 1707.62 429.909 1] "
    },
    "frame26": {
